lambda = 25.0

2000  810.367
3000  1291.5893333333333
4000  471.036
5000  709.9426
6000  638.778
7000  555.1298571428572
8000  509.62375
9000  541.0417777777777
10000  666.6647
11000  564.3640909090909
12000  545.7964166666667
13000  460.4736923076923
14000  465.97114285714287
15000  397.2252
16000  399.7455625
17000  455.3876470588235
18000  459.2425
19000  470.4382631578947
20000  602.75435
21000  613.7924761904762
22000  608.3006363636364
23000  589.5936956521739
24000  622.7003333333333
25000  485.68552
26000  563.5386153846154
27000  519.3424074074074
28000  484.32689285714287
29000  478.75006896551724
30000  557.4187
31000  485.71551612903227
32000  482.3565
33000  510.1445151515152
34000  532.4551470588235
35000  496.14897142857143
36000  536.9431388888889
37000  502.76262162162163
38000  603.7003421052632
39000  532.0832051282051
40000  684.242425

lambda = 50.0

2000  714.9475
3000  390.22933333333333
4000  408.2775
5000  1448.8802
6000  735.0163333333334
7000  715.6701428571429
8000  722.68675
9000  674.7896666666667
10000  998.1085
11000  943.6692727272728
12000  1712.9703333333334
13000  706.9266153846154
14000  757.5322142857143
15000  851.2408666666666
16000  715.9411875
17000  707.0371176470588
18000  715.8408888888889
19000  880.0351052631579
20000  1061.14825

lambda = 100.0

2000  803.2775
3000  395.66866666666664
4000  350.36675
5000  414.6696
6000  565.3021666666667
7000  687.7037142857143
8000  842.727875
9000  813.4593333333333
10000  1928.5143
11000  1257.7624545454546
12000  1104.47825
13000  1050.9401538461539
14000  1088.5976428571428
15000  1147.1365333333333
16000  1008.3456875
17000  1030.9754705882353
18000  1073.0077222222221
19000  1105.2407368421052
20000  1528.62575
21000  1304.1099523809523
22000  1437.8583181818183
23000  1388.998956521739
24000  1403.8189166666666
25000  1453.79096
26000  1182.6651538461538
27000  1188.7477407407407
28000  1206.706
29000  1178.3893448275862
30000  1278.6715
31000  1625.1415483870967
32000  1308.00921875
33000  1225.4348181818182
34000  1294.7180294117647
35000  1320.1811142857143
36000  1330.335361111111
37000  1331.496135135135
38000  1409.0329736842104
39000  1442.484205128205
40000  1649.885125

lambda = 1000.0

1000  3570.951
2000  1188.3665
3000  459.37333333333333
4000  431.68775
5000  434.3546
6000  716.0115
7000  689.1127142857143
8000  729.451625
9000  821.5572222222222
10000  947.6057
11000  1036.9811818181818
12000  1187.17775
13000  1200.4440769230769
14000  1582.4372142857144
15000  1376.7570666666666
16000  1597.450125
17000  1548.7904705882354
18000  1633.806111111111
19000  2155.3657894736843
20000  2285.8625
21000  2364.3711904761903
22000  2197.6007727272727
23000  2291.904652173913
24000  2439.6458333333335
25000  2833.47316
26000  2717.5665384615386
27000  2987.266
28000  3061.4653214285713
29000  3546.257724137931
30000  3660.0958666666666
31000  4312.986129032258
32000  4278.68959375
33000  4885.9480303030305
34000  4808.8245
35000  5165.472914285714
36000  5568.524833333333
37000  4562.315486486486
38000  6101.406078947369
39000  6931.734358974359
40000  6804.959825