lambda = 25.0

3000  1291.5893333333333
5000  709.9426
7000  555.1298571428572
9000  541.0417777777777
11000  564.3640909090909
13000  460.4736923076923
15000  397.2252
17000  455.3876470588235
19000  470.4382631578947
21000  613.7924761904762
23000  589.5936956521739
25000  485.68552
27000  519.3424074074074
29000  478.75006896551724
31000  485.71551612903227
33000  510.1445151515152
35000  496.14897142857143
37000  502.76262162162163
39000  532.0832051282051

lambda = 100.0

3000  395.66866666666664
5000  414.6696
7000  687.7037142857143
9000  813.4593333333333
11000  1257.7624545454546
13000  1050.9401538461539
15000  1147.1365333333333
17000  1030.9754705882353
19000  1105.2407368421052
21000  1304.1099523809523
23000  1388.998956521739
25000  1453.79096
27000  1188.7477407407407
29000  1178.3893448275862
31000  1625.1415483870967
33000  1225.4348181818182
35000  1320.1811142857143
37000  1331.496135135135
39000  1442.484205128205

lambda = 1000.0

3000  459.37333333333333
5000  434.3546
7000  689.1127142857143
9000  821.5572222222222
11000  1036.9811818181818
13000  1200.4440769230769
15000  1376.7570666666666
17000  1548.7904705882354
19000  2155.3657894736843
21000  2364.3711904761903
23000  2291.904652173913
25000  2833.47316
27000  2987.266
29000  3546.257724137931
31000  4312.986129032258
33000  4885.9480303030305
35000  5165.472914285714
37000  4562.315486486486
39000  6931.734358974359