add()

200000  51.076492
600000  94.475745
1000000  103.420649
1400000  113.186826
1800000  51.653896
2200000  34.860942
2600000  116.724446
3000000  28.971802
3400000  89.143186
3800000  69.279517
4200000  25.98906
4600000  118.853222
5000000  278.820026
5400000  35.927349
5800000  35.814427
6200000  37.435336
6600000  104.31056
7000000  24.86923
7400000  128.794385
7800000  150.614439
8200000  200.366027
8600000  172.99468
9000000  33.174507
9400000  33.191509
9800000  34.677513

peek()

200000  2.018517
600000  5.78E-4
1000000  4.6E-4
1400000  5.34E-4
1800000  5.65E-4
2200000  8.05E-4
2600000  5.71E-4
3000000  5.54E-4
3400000  5.53E-4
3800000  6.46E-4
4200000  5.07E-4
4600000  0.001047
5000000  6.71E-4
5400000  5.89E-4
5800000  8.84E-4
6200000  7.32E-4
6600000  8.25E-4
7000000  7.49E-4
7400000  5.96E-4
7800000  5.69E-4
8200000  6.7E-4
8600000  8.05E-4
9000000  6.51E-4
9400000  5.94E-4
9800000  8.52E-4

extractMax()

200000  39.193261
600000  219.811647
1000000  538.429703
1400000  713.697854
1800000  922.790124
2200000  1158.402804
2600000  1212.333385
3000000  1308.40176
3400000  1271.265436
3800000  1247.879862
4200000  1596.044513
4600000  1575.496894
5000000  1479.375523
5400000  1662.889548
5800000  1683.144007
6200000  1671.961229
6600000  1698.920264
7000000  1798.65491
7400000  1536.909161
7800000  1695.370433
8200000  1647.776125
8600000  1774.097625
9000000  1839.085862
9400000  1726.76955
9800000  1847.582047