Sort	k=1	k=N/2	k=N	k=10	k=1	k=N/2	k=N	k=10	
10000	1843130	3471420	2951410	2518580	2121460	7574520	1.16E+07	2662090	
20000	1699930	6966620	3785830	1267030	4357730	4777670	7683850	1368520	
30000	2043010	3361440	3090490	1938220	1170580	6297250	1.20E+07	804000	
40000	971930	1818060	2530690	875880	1044890	1.03E+07	1.55E+07	1076130	
50000	2814570	2097980	2695580	1416290	2314120	1.23E+07	2.09E+07	3365950	
60000	1773170	2072530	3460310	1477660	1894090	1.72E+07	2.85E+07	2465300	
70000	1880920	2840700	3672300	1823040	2835380	1.95E+07	3.59E+07	3141570	
80000	2920750	3994200	4668330	2197880	3413660	2.50E+07	4.30E+07	2240380	
90000	2839610	4521150	7091910	2303450	7500730	3.21E+07	4.89E+07	2467080	
100000	4086380	5639000	6365950	2539160	4840150	3.40E+07	5.89E+07	2847210	
110000	4869290	1.51E+07	1.02E+07	3487350	6562640	4.13E+07	6.83E+07	7391610	
120000	5032120	8018970	8711210	3960920	5679760	4.50E+07	7.70E+07	4860750	
130000	5913980	2.96E+07	1.06E+07	5314110	1.15E+07	5.08E+07	8.74E+07	4207670	
140000	8518640	9703870	9733400	4837220	1.71E+07	7.52E+07	1.25E+08	6618730	
150000	6982800	1.07E+07	1.23E+07	4866130	1.23E+07	8.18E+07	1.35E+08	6678270	
160000	6263810	1.02E+07	1.76E+07	5441180	9551230	9.18E+07	1.40E+08	7236720	
170000	1.17E+07	1.38E+07	1.68E+07	6135550	1.39E+07	1.02E+08	1.57E+08	1.39E+07	
180000	8323540	1.27E+07	2.24E+07	7186640	9962240	1.12E+08	1.68E+08	7553610	
190000	8969620	1.51E+07	2.93E+07	6822590	1.41E+07	1.24E+08	1.97E+08	9107510	
200000	1.27E+07	1.83E+07	2.94E+07	7430620	1.35E+07	1.48E+08	2.02E+08	1.01E+07	
									
									
									
									
									
									
									
									
									
									
									
									
									
									
									
									
									
									
									
									
									
									
									
									
									
									
									
									
									
									
									
									
									
									
									
									
									
									
									
									
									
									
									
									
									
									
									
									
									
									
									
									
									
									
									
									
									
									
									
									
									
									
									
									
									
									
									
									
									
									
									
									
									
									
									
									
									
									
									
									
									
									
									
									
									
									
